-9.746429999999999449e-05
2.538438371729249119e-04
1.076220012708034406e-03
1.928270224024582246e-03
1.301455622406420213e-03
-4.710334970364044808e-05
-1.496795917210093666e-03
-1.930552084104828446e-03
-2.057753515524853982e-03
-1.661993195616720802e-03
-1.285686428791606032e-03
-1.017937048860400326e-03
-7.774857536212244130e-04
-6.520621541489854791e-04
-5.266385546767462199e-04
-4.071485328072135769e-04
-3.598897436750735177e-04
-3.126309545429334586e-04
-2.865711571507774218e-04
-3.174477294978153433e-04
-3.483243018448531564e-04
-3.792008741918910780e-04
-4.100774465389289995e-04
-5.063482844227030523e-04
-6.096919063450254939e-04
-7.130355282673475018e-04
-8.163791501896694013e-04
-9.146443650081855078e-04
-1.008446094668659712e-03
-1.102247824329133591e-03
-1.163187566536053952e-03
-1.176881526130985631e-03
-1.190575485725917093e-03
-1.204269445320848772e-03
-1.213695036952998048e-03
-1.128888197406807030e-03
-1.044081357860615795e-03
-9.592745183144243439e-04
-9.038262986457590992e-04
-8.667139679258732080e-04
-8.296016372059873169e-04
-8.421587085212438144e-04
-9.747025951999997804e-04
-1.178379646700506963e-03
-1.418688783756344744e-03
-1.675298228279384523e-03
-2.048490306643948981e-03
-2.332798987508883769e-03
-2.546511285670762653e-03
-2.738926584469472420e-03
-2.894940810906934843e-03
-3.053154622497712863e-03
-3.213615449649424860e-03
-3.342059949441002036e-03
-3.398496608274584763e-03
-3.454933267108167925e-03
-3.506257095501616634e-03
-3.535368651032820206e-03
-3.564480206564023777e-03
-3.593591762095227782e-03
-3.617916066300030670e-03
-3.610576469599755672e-03
-3.603236872899480674e-03
-3.595897276199205676e-03
-3.588557679498930678e-03
-3.546099966751766353e-03
-3.492993928635041486e-03
-3.439887890518316619e-03
-3.386453109243697194e-03
-3.319898487394958107e-03
-3.253343865546218586e-03
-3.186789243697479065e-03
-3.120234621848739977e-03
-3.048371029663434709e-03
-2.973786032515687155e-03
-2.899201035367940903e-03
-2.803056304838901468e-03
-2.688887953869932741e-03
-2.574719602900963581e-03
-2.460551251931994421e-03
-2.346382900963025261e-03
-2.232214549994055233e-03
-2.131720880604821410e-03
-2.032141450240121990e-03
-1.932562019875422570e-03
-1.832982589510722933e-03
-1.731057058571837089e-03
-1.622583396881239603e-03
-1.514109735190643418e-03
-1.405636073500047233e-03
-1.297162411809450831e-03
-1.189769646833013176e-03
-1.083129394570880259e-03
-9.764891423087475580e-04
-8.698488900466146406e-04
-7.788186357031665627e-04
-7.012292480539695540e-04
-6.236398604047740631e-04
-5.449360746614272024e-04
-4.573570626622695031e-04
-3.697780506631117496e-04
-2.821990386639539961e-04
-1.946200266647962968e-04
-1.070410146656385433e-04
-1.946200266648078978e-05
3.867688227493675033e-05
8.840430234271355766e-05
1.381317224104903650e-04
1.828321220083508648e-04
2.259566255219476916e-04
2.690811290355437052e-04
3.122056325491396646e-04
3.553301360627356782e-04
3.984546395763316918e-04
4.423732318112374431e-04
4.891854538448479331e-04
5.359976758784584230e-04
5.828098979120689129e-04
6.296221199456794029e-04
6.764343419792900013e-04
7.232465640129004912e-04
7.612822679971485143e-04
7.949908632151884329e-04
8.286994584332277010e-04
8.624080536512669691e-04
8.961166488693061288e-04
9.298252440873453969e-04
9.635338393053846651e-04
9.774472206903921708e-04
9.867373777920273800e-04
9.960275348936623724e-04
1.005317691995297582e-03
1.014607849096932574e-03
1.023898006198567783e-03
1.027568896073049716e-03
1.027046595851366937e-03
1.026524295629684374e-03
1.026001995408001594e-03
1.025479695186319032e-03
1.024957394964636252e-03
1.024435094742953689e-03
1.023912794521271126e-03
1.019038799517834638e-03
9.899287233576243954e-04
9.608186471974141524e-04
9.317085710372039094e-04
8.981606780578114567e-04
8.230363722056115725e-04
7.479120663534100620e-04
6.727877605012101778e-04
5.976634546490102937e-04
5.253543450061492039e-04
4.570227377823807779e-04
3.886911305586123518e-04
3.203595233348439800e-04
1.659799973443986819e-04
6.642505048590082145e-06
-1.567383932704283374e-04
-2.038253614028834575e-04
-1.215739908474993688e-04
-2.582700588707761795e-05
1.144099488894843159e-04
2.546469036660434443e-04
4.049887293588065379e-04
5.632629388449718463e-04
7.215371483311371547e-04
8.798113578173023547e-04
1.096665408249428977e-03
1.369303732380639958e-03
1.641942056511850939e-03
1.923944792560795553e-03
2.299363247496417038e-03
2.674781702432038524e-03
3.050191283170016355e-03
3.425579667405764979e-03
3.800968051641513603e-03
4.172811257240935379e-03
4.529364571980259296e-03
4.885917886719582347e-03
5.254687802607065084e-03
5.762270527145100033e-03
6.269853251683134981e-03
6.777435976221169930e-03
8.537684326657845116e-03
9.482258016548721080e-03
1.054607884197825488e-02
1.339700492797569510e-02
1.523901997580153628e-02
1.753513605391224597e-02
2.127485026894856274e-02
2.548764461138394027e-02
2.681534614273326650e-02
2.526195633999065576e-02
2.245356185210776317e-02
1.764908486162045445e-02
1.043759953253311883e-02
4.886812854671296336e-03
2.114618217993028976e-03
1.879139999999999901e-04
1.879139999999999901e-04
1.879139999999999901e-04
